=== Run information ===

Evaluator:    weka.attributeSelection.PrincipalComponents -R 0.95 -A 5
Search:       weka.attributeSelection.Ranker -T -1.7976931348623157E308 -N -1
Relation:     training-weka.filters.unsupervised.attribute.Remove-R1
Instances:    1448
Attributes:   43
              C_max
              C_sum
              D_max
              D_sum
              E_max
              E_sum
              O_max
              O_sum
              P_max
              P_sum
              CCC
              CCD
              CCO
              CDC
              CDD
              CDO
              COC
              COD
              COO
              DCC
              DCD
              DCO
              DDC
              DDD
              DDO
              DOC
              DOD
              DOO
              EEE
              EEO
              EOE
              EOO
              OCC
              OCD
              OCO
              ODC
              ODD
              ODO
              OEE
              OOC
              OOD
              OOO
              Labels
Evaluation mode:    evaluate on all training data



=== Attribute Selection on all input data ===

Search Method:
	Attribute ranking.

Attribute Evaluator (unsupervised):
	Principal Components Attribute Transformer

Correlation matrix
  1      0.47   0.02   0.01   0.85   0.88  -0.01  -0.01   0.31  -0      0.31  -0     -0.01   0.48  -0      0.61  -0      0.02   0.02   0.02  -0.01   0.31  -0.01   0.62  -0      0.02  -0      0.61  -0.01   0.92 
  0.47   1     -0     -0      0.22   0.8   -0.01  -0.01   0.98  -0      0.98  -0     -0.01   0.99  -0      0.97  -0     -0     -0     -0     -0.01   0.98  -0.01   0.98  -0     -0     -0.01   0.97  -0.01   0.26 
  0.02  -0      1      0.99   0     -0      0.07   0.07  -0      0.01  -0      0.05   0.04  -0      0.02  -0      0.01   0.99   0.98   0.99   0.22  -0      0.07  -0      0.01   0.94   0.22  -0      0.28  -0    
  0.01  -0      0.99   1      0     -0      0.06   0.06  -0      0.02  -0      0.05   0.03  -0      0.02  -0      0.02   0.98   0.97   0.98   0.32  -0      0.06  -0      0.02   0.93   0.32  -0      0.38  -0    
  0.85   0.22   0      0      1      0.73   0.08   0.08   0.08  -0      0.08  -0.01   0.12   0.2    0.01   0.39  -0     -0     -0     -0      0.02   0.08   0.08   0.36  -0     -0     -0.01   0.39  -0.01   0.95 
  0.88   0.8   -0     -0      0.73   1      0.01   0.01   0.69  -0      0.69  -0.01   0.02   0.78  -0      0.9   -0     -0     -0     -0      0      0.69   0.01   0.88  -0     -0     -0      0.9   -0      0.79 
 -0.01  -0.01   0.07   0.06   0.08   0.01   1      1     -0.01  -0     -0.01   0.41   0.64  -0.01  -0     -0.01  -0     -0     -0     -0      0.12  -0.01   1     -0.01  -0     -0     -0.01  -0.01  -0.01   0.02 
 -0.01  -0.01   0.07   0.06   0.08   0.01   1      1     -0.01  -0     -0.01   0.41   0.64  -0.01  -0     -0.01  -0     -0     -0     -0      0.12  -0.01   1     -0.01  -0     -0     -0.01  -0.01  -0.01   0.02 
  0.31   0.98  -0     -0      0.08   0.69  -0.01  -0.01   1     -0      1     -0     -0      0.97  -0      0.94  -0     -0     -0     -0     -0      1     -0.01   0.93  -0     -0     -0      0.94  -0      0.11 
 -0     -0      0.01   0.02  -0     -0     -0     -0     -0      1     -0     -0     -0     -0     -0     -0      1     -0     -0     -0     -0     -0     -0     -0      1     -0     -0     -0      0.06  -0    
  0.31   0.98  -0     -0      0.08   0.69  -0.01  -0.01   1     -0      1     -0     -0      0.97  -0      0.94  -0     -0     -0     -0     -0      1     -0.01   0.93  -0     -0     -0      0.94  -0      0.1  
 -0     -0      0.05   0.05  -0.01  -0.01   0.41   0.41  -0     -0     -0      1     -0     -0     -0     -0     -0     -0     -0     -0     -0.01  -0      0.41  -0     -0     -0     -0     -0     -0.01  -0.01 
 -0.01  -0.01   0.04   0.03   0.12   0.02   0.64   0.64  -0     -0     -0     -0      1     -0.01  -0     -0.01  -0     -0     -0     -0      0.2   -0      0.64  -0.01  -0     -0     -0.01  -0     -0.01   0.04 
  0.48   0.99  -0     -0      0.2    0.78  -0.01  -0.01   0.97  -0      0.97  -0     -0.01   1     -0      0.95  -0      0     -0      0     -0.01   0.97  -0.01   0.98  -0     -0     -0.01   0.95  -0.01   0.24 
 -0     -0      0.02   0.02   0.01  -0     -0     -0     -0     -0     -0     -0     -0     -0      1     -0     -0     -0     -0     -0     -0     -0     -0     -0     -0     -0     -0     -0     -0     -0    
  0.61   0.97  -0     -0      0.39   0.9   -0.01  -0.01   0.94  -0      0.94  -0     -0.01   0.95  -0      1     -0     -0     -0     -0     -0.01   0.94  -0.01   0.98  -0     -0     -0      1     -0.01   0.44 
 -0     -0      0.01   0.02  -0     -0     -0     -0     -0      1     -0     -0     -0     -0     -0     -0      1     -0     -0     -0     -0     -0     -0     -0      1     -0     -0     -0      0.06  -0    
  0.02  -0      0.99   0.98  -0     -0     -0     -0     -0     -0     -0     -0     -0      0     -0     -0     -0      1      0.98   1      0.13  -0     -0      0     -0      0.94   0.13  -0      0.18  -0    
  0.02  -0      0.98   0.97  -0     -0     -0     -0     -0     -0     -0     -0     -0     -0     -0     -0     -0      0.98   1      0.98   0.14  -0     -0     -0     -0      0.98   0.13  -0      0.21  -0    
  0.02  -0      0.99   0.98  -0     -0     -0     -0     -0     -0     -0     -0     -0      0     -0     -0     -0      1      0.98   1      0.13  -0     -0      0     -0      0.94   0.13  -0      0.18  -0    
 -0.01  -0.01   0.22   0.32   0.02   0      0.12   0.12  -0     -0     -0     -0.01   0.2   -0.01  -0     -0.01  -0      0.13   0.14   0.13   1     -0      0.12  -0.01  -0      0.14   0.98  -0.01   0.95   0.01 
  0.31   0.98  -0     -0      0.08   0.69  -0.01  -0.01   1     -0      1     -0     -0      0.97  -0      0.94  -0     -0     -0     -0     -0      1     -0.01   0.93  -0     -0     -0      0.94  -0      0.1  
 -0.01  -0.01   0.07   0.06   0.08   0.01   1      1     -0.01  -0     -0.01   0.41   0.64  -0.01  -0     -0.01  -0     -0     -0     -0      0.12  -0.01   1     -0.01  -0     -0     -0.01  -0.01  -0.01   0.02 
  0.62   0.98  -0     -0      0.36   0.88  -0.01  -0.01   0.93  -0      0.93  -0     -0.01   0.98  -0      0.98  -0      0     -0      0     -0.01   0.93  -0.01   1     -0     -0     -0.01   0.98  -0.01   0.41 
 -0     -0      0.01   0.02  -0     -0     -0     -0     -0      1     -0     -0     -0     -0     -0     -0      1     -0     -0     -0     -0     -0     -0     -0      1     -0     -0     -0      0.06  -0    
  0.02  -0      0.94   0.93  -0     -0     -0     -0     -0     -0     -0     -0     -0     -0     -0     -0     -0      0.94   0.98   0.94   0.14  -0     -0     -0     -0      1      0.12  -0      0.22  -0    
 -0     -0.01   0.22   0.32  -0.01  -0     -0.01  -0.01  -0     -0     -0     -0     -0.01  -0.01  -0     -0     -0      0.13   0.13   0.13   0.98  -0     -0.01  -0.01  -0      0.12   1     -0      0.97   0    
  0.61   0.97  -0     -0      0.39   0.9   -0.01  -0.01   0.94  -0      0.94  -0     -0      0.95  -0      1     -0     -0     -0     -0     -0.01   0.94  -0.01   0.98  -0     -0     -0      1     -0.01   0.44 
 -0.01  -0.01   0.28   0.38  -0.01  -0     -0.01  -0.01  -0      0.06  -0     -0.01  -0.01  -0.01  -0     -0.01   0.06   0.18   0.21   0.18   0.95  -0     -0.01  -0.01   0.06   0.22   0.97  -0.01   1      0    
  0.92   0.26  -0     -0      0.95   0.79   0.02   0.02   0.11  -0      0.1   -0.01   0.04   0.24  -0      0.44  -0     -0     -0     -0      0.01   0.1    0.02   0.41  -0     -0      0      0.44   0      1    


eigenvalue	proportion	cumulative
  9.04807	  0.3016 	  0.3016 	-0.331OOC-0.331COO-0.329OCO-0.324C_sum-0.32COC...
  6.09181	  0.20306	  0.50466	-0.404D_sum-0.4D_max-0.392DDO-0.391DOD-0.391DDD...
  3.70154	  0.12338	  0.62805	-0.506P_max-0.506P_sum-0.506OCD-0.374CDO-0.226CDD...
  3.01151	  0.10038	  0.72843	0.568CCD+0.568DCC+0.568ODC+0.117OOD+0.085ODO...
  2.72304	  0.09077	  0.8192 	-0.389OOO-0.387O_max+0.375ODO+0.369DOO+0.357OOD...
  2.71339	  0.09045	  0.90965	0.411ODO+0.397DOO+0.392OOD+0.353OOO+0.341O_max...
  1.01226	  0.03374	  0.94339	-0.837CDD+0.533CDO-0.057ODO+0.055DOO-0.055OOD...
  1.00041	  0.03335	  0.97673	1    COD+0.011D_sum+0.011D_max-0.008ODD-0.007DDO...

Eigenvectors
 V1	 V2	 V3	 V4	 V5	 V6	 V7	 V8	
-0.215 	-0.0084	-0.0342	-0.0062	-0.3263	 0.287 	-0.0479	-0.0042	C_max
-0.3237	-0.0004	 0.016 	 0.0024	 0.1014	-0.0894	 0.0052	 0.0006	C_sum
 0.0014	-0.3997	 0.0057	-0.0167	-0.0529	-0.0635	-0.0126	 0.011 	D_max
 0.0016	-0.4041	 0.0018	-0.0001	-0.0128	-0.0192	-0.0185	 0.0111	D_sum
-0.1408	-0.0037	-0.0971	-0.0064	-0.3873	 0.3413	 0.0296	 0.0059	O_max
-0.3036	-0.0016	-0.028 	-0.0021	-0.1781	 0.1636	-0.0144	-0.0027	O_sum
 0.0009	-0.0252	-0.5064	-0.0034	 0.0076	-0.0923	-0.0055	 0.0008	P_max
 0.0009	-0.0252	-0.5064	-0.0034	 0.0076	-0.0923	-0.0055	 0.0008	P_sum
-0.3073	 0     	 0.023 	 0.0038	 0.1687	-0.1488	 0.0148	 0.0037	CCC
 0.001 	-0.007 	 0.0077	 0.5679	-0.0738	-0.0701	 0.0019	 0.0003	CCD
-0.3072	 0     	 0.0232	 0.0038	 0.1704	-0.1503	 0.0149	 0.0022	CCO
 0.0019	-0.0125	-0.2264	-0.0042	 0.0053	-0.075 	-0.8371	-0.0029	CDD
-0.0015	-0.0196	-0.3744	 0.0017	 0.0087	-0.027 	 0.5326	 0.0037	CDO
-0.3197	-0.0006	 0.0173	 0.0021	 0.1022	-0.0912	 0.0048	-0.0001	COC
 0.0005	-0.0017	 0.0031	-0.0014	-0.0052	 0.0002	-0.0044	 0.9997	COD
-0.3307	-0.0005	 0.0049	 0.0013	 0.0176	-0.0136	-0.005 	-0.0002	COO
 0.001 	-0.007 	 0.0077	 0.5679	-0.0738	-0.0701	 0.0019	 0.0003	DCC
 0.0008	-0.3913	 0.0452	-0.0319	-0.0887	-0.0944	 0.0144	-0.0066	DDD
 0.001 	-0.3919	 0.0454	-0.0311	-0.0852	-0.0908	 0.0147	-0.0073	DDO
 0.0008	-0.3913	 0.0452	-0.0319	-0.0887	-0.0944	 0.0144	-0.0066	DOD
 0.0024	-0.1446	-0.1077	 0.0839	 0.3686	 0.3971	 0.0555	 0.0014	DOO
-0.3072	 0     	 0.0232	 0.0038	 0.1704	-0.1503	 0.0149	 0.0022	OCC
 0.0009	-0.0252	-0.5064	-0.0034	 0.0076	-0.0923	-0.0055	 0.0008	OCD
-0.3295	-0.0008	 0.0078	 0.0008	 0.0242	-0.0214	-0.0053	-0.0013	OCO
 0.001 	-0.007 	 0.0077	 0.5679	-0.0738	-0.0701	 0.0019	 0.0003	ODC
 0.0012	-0.382 	 0.0446	-0.0296	-0.0797	-0.0854	 0.0142	-0.0077	ODD
 0.0027	-0.141 	-0.0309	 0.0854	 0.3746	 0.4113	-0.0568	 0.001 	ODO
-0.3307	-0.0005	 0.0048	 0.0013	 0.0176	-0.0137	-0.005 	-0.0002	OOC
 0.0031	-0.1662	-0.0252	 0.1171	 0.3567	 0.392 	-0.0554	-0.0003	OOD
-0.1557	-0.0021	-0.063 	-0.0058	-0.3886	 0.3535	-0.0255	-0.0046	OOO

Ranked attributes:
 0.6984   1 -0.331OOC-0.331COO-0.329OCO-0.324C_sum-0.32COC...
 0.4953   2 -0.404D_sum-0.4D_max-0.392DDO-0.391DOD-0.391DDD...
 0.372    3 -0.506P_max-0.506P_sum-0.506OCD-0.374CDO-0.226CDD...
 0.2716   4 0.568CCD+0.568DCC+0.568ODC+0.117OOD+0.085ODO...
 0.1808   5 -0.389OOO-0.387O_max+0.375ODO+0.369DOO+0.357OOD...
 0.0904   6 0.411ODO+0.397DOO+0.392OOD+0.353OOO+0.341O_max...
 0.0566   7 -0.837CDD+0.533CDO-0.057ODO+0.055DOO-0.055OOD...
 0.0233   8 1    COD+0.011D_sum+0.011D_max-0.008ODD-0.007DDO...

Selected attributes: 1,2,3,4,5,6,7,8 : 8

